collected_at_utc,collected_at_germany,system_name,domain,city_uid,city_name,place_uid,place_number,name,address,lat,lng,is_station,is_floating_bike,active_place,maintenance,terminal_type,place_type,booked_bikes,bikes,bikes_available_to_rent,bike_racks,free_racks,special_racks,free_special_racks,bike_types_json,bike_count_from_list
2026-07-24T21:45:26+00:00,2026-07-24T23:45:26+02:00,meinRad,mz,755,Mainz,71521070,42500,Dyckerhoffstraße,,50.031319,8.262545,True,False,1,False,,19,0,10,10,8,0,0,0,"{""188"": 7, ""191"": 2, ""348"": 1}",10
2026-07-24T21:45:26+00:00,2026-07-24T23:45:26+02:00,meinRad,mz,755,Mainz,71521071,42501,Erzbergerstraße,"Erzbergerstraße - Karlsbader Str., Kreuzungpunkt Erzbergerstraße - Karlsbader Str.",50.011991,8.229076,True,False,1,False,,19,0,1,1,7,6,0,0,"{""295"": 1}",1
2026-07-24T21:45:26+00:00,2026-07-24T23:45:26+02:00,meinRad,mz,755,Mainz,71723315,42502,Binger Straße,,50.024891,8.173474,True,False,1,False,,14,0,8,8,12,3,0,0,"{""188"": 4, ""191"": 4}",8
2026-07-24T21:45:26+00:00,2026-07-24T23:45:26+02:00,meinRad,mz,755,Mainz,74471647,42505,Am Gonsenheimer Wald,,50.004795,8.201106,True,False,1,True,,19,0,3,3,8,5,0,0,"{""188"": 1, ""191"": 1, ""348"": 1}",3
2026-07-24T21:45:26+00:00,2026-07-24T23:45:26+02:00,meinRad,mz,755,Mainz,74472031,42506,Am Großberg,,49.971746,8.285507,True,False,1,False,,14,0,3,3,8,4,0,0,"{""295"": 1, ""348"": 2}",3
2026-07-24T21:45:26+00:00,2026-07-24T23:45:26+02:00,meinRad,mz,755,Mainz,74472033,42508,Am Schinnergraben,,49.963506,8.280199,True,False,1,True,,14,0,3,3,6,1,0,0,"{""188"": 2, ""348"": 1}",3
2026-07-24T21:45:26+00:00,2026-07-24T23:45:26+02:00,meinRad,mz,755,Mainz,74472034,42509,Am Sportfeld,,50.007299,8.208225,True,False,1,False,,19,0,2,2,8,6,0,0,"{""191"": 1, ""348"": 1}",2
2026-07-24T21:45:26+00:00,2026-07-24T23:45:26+02:00,meinRad,mz,755,Mainz,74472035,42510,Am Zollhafen,,50.01248,8.26589,True,False,1,True,,19,0,3,3,12,9,0,0,"{""188"": 2, ""191"": 1}",3
2026-07-24T21:45:26+00:00,2026-07-24T23:45:26+02:00,meinRad,mz,755,Mainz,74472036,42511,An der Philippsschanze,,49.990063,8.263731,True,False,1,False,,14,0,3,3,20,17,0,0,"{""225"": 1, ""348"": 2}",3
2026-07-24T21:45:26+00:00,2026-07-24T23:45:26+02:00,meinRad,mz,755,Mainz,74472037,42512,Martin-Luther-Straße,,49.982399,8.279636,True,False,1,False,,14,0,2,2,8,6,0,0,"{""295"": 2}",2
2026-07-24T21:45:26+00:00,2026-07-24T23:45:26+02:00,meinRad,mz,755,Mainz,74472038,42513,Bahnhof Römisches Theater,,49.993541,8.278397,True,False,1,False,,14,0,6,6,16,10,0,0,"{""188"": 4, ""191"": 1, ""348"": 1}",6
2026-07-24T21:45:26+00:00,2026-07-24T23:45:26+02:00,meinRad,mz,755,Mainz,74472039,42514,Bahnhof Römisches Theater 2,,49.994696,8.276682,True,False,1,True,,14,0,7,7,10,3,0,0,"{""188"": 3, ""191"": 4}",7
2026-07-24T21:45:26+00:00,2026-07-24T23:45:26+02:00,meinRad,mz,755,Mainz,74472040,42515,Bahnstraße,,49.981846,8.245534,True,False,1,False,,14,0,6,6,12,5,0,0,"{""188"": 3, ""191"": 1, ""225"": 1, ""295"": 1}",6
2026-07-24T21:45:26+00:00,2026-07-24T23:45:26+02:00,meinRad,mz,755,Mainz,74472041,42516,Bastion Martin,,49.994222,8.265903,True,False,1,False,,19,0,0,0,8,7,0,0,{},0
2026-07-24T21:45:26+00:00,2026-07-24T23:45:26+02:00,meinRad,mz,755,Mainz,74472042,42517,Bauhofstraße,,50.003316,8.269473,True,False,1,True,,14,0,0,0,18,17,0,0,{},0
2026-07-24T21:45:26+00:00,2026-07-24T23:45:26+02:00,meinRad,mz,755,Mainz,74472043,42518,Berliner Straße,,49.980619,8.267426,True,False,1,False,,14,0,0,0,12,10,0,0,{},0
2026-07-24T21:45:26+00:00,2026-07-24T23:45:26+02:00,meinRad,mz,755,Mainz,74472044,42519,Berufsschulzentrum,,50.005629,8.244287,True,False,1,False,,14,0,1,1,8,7,0,0,"{""348"": 1}",1
2026-07-24T21:45:26+00:00,2026-07-24T23:45:26+02:00,meinRad,mz,755,Mainz,74472046,42521,Bismarckplatz,,50.012721,8.249206,True,False,1,False,,19,0,2,2,12,9,0,0,"{""188"": 2}",2
2026-07-24T21:45:26+00:00,2026-07-24T23:45:26+02:00,meinRad,mz,755,Mainz,74472047,42522,Boppstraße,,50.004664,8.259934,True,False,1,False,,14,0,24,24,26,1,0,0,"{""188"": 19, ""191"": 4, ""348"": 1}",24
2026-07-24T21:45:26+00:00,2026-07-24T23:45:26+02:00,meinRad,mz,755,Mainz,74472048,42523,Brückenplatz,,50.003219,8.273928,True,False,1,False,,14,0,30,30,20,0,0,0,"{""188"": 23, ""191"": 7}",30
2026-07-24T21:45:26+00:00,2026-07-24T23:45:26+02:00,meinRad,mz,755,Mainz,74472049,42524,Bürgerhaus Kostheim,,50.001612,8.306217,True,False,1,False,,19,0,6,6,6,0,0,0,"{""188"": 3, ""191"": 2, ""348"": 1}",6
2026-07-24T21:45:26+00:00,2026-07-24T23:45:26+02:00,meinRad,mz,755,Mainz,74472050,42525,Canisiusstrasse,,50.006057,8.216186,True,False,1,False,,19,0,0,0,6,6,0,0,{},0
2026-07-24T21:45:26+00:00,2026-07-24T23:45:26+02:00,meinRad,mz,755,Mainz,74472051,42526,Eleonorenstraße,,50.016382,8.273357,True,False,1,True,,19,0,3,3,8,5,0,0,"{""188"": 1, ""191"": 1, ""348"": 1}",3
2026-07-24T21:45:26+00:00,2026-07-24T23:45:26+02:00,meinRad,mz,755,Mainz,74472052,42527,Emmerich-Josef-Straße,,49.996899,8.265247,True,False,1,False,,19,0,6,6,10,4,0,0,"{""188"": 3, ""191"": 1, ""225"": 1, ""295"": 1}",6
2026-07-24T21:45:26+00:00,2026-07-24T23:45:26+02:00,meinRad,mz,755,Mainz,74472053,42528,Erbacher Hof,,49.998436,8.275876,True,False,1,False,,19,0,11,11,16,4,0,0,"{""188"": 7, ""191"": 3, ""225"": 1}",11
2026-07-24T21:45:26+00:00,2026-07-24T23:45:26+02:00,meinRad,mz,755,Mainz,74472054,42529,Ernst-Ludwig-Platz,,50.005138,8.268792,True,False,1,True,,14,0,10,10,16,6,0,0,"{""188"": 6, ""191"": 4}",10
2026-07-24T21:45:26+00:00,2026-07-24T23:45:26+02:00,meinRad,mz,755,Mainz,74472055,42530,Favorite-Parkhotel,,49.98996,8.289667,True,False,1,False,,19,0,6,6,6,0,0,0,"{""191"": 3, ""295"": 2, ""348"": 1}",6
2026-07-24T21:45:26+00:00,2026-07-24T23:45:26+02:00,meinRad,mz,755,Mainz,74472056,42531,Feldbergstraße,,50.010559,8.260654,True,False,1,False,,14,0,31,31,24,0,0,0,"{""188"": 15, ""191"": 8, ""295"": 1, ""348"": 7}",31
2026-07-24T21:45:26+00:00,2026-07-24T23:45:26+02:00,meinRad,mz,755,Mainz,74472057,42532,Flachsmarkt,,50.00252,8.271294,True,False,1,False,,19,0,1,1,18,17,0,0,"{""188"": 1}",1
2026-07-24T21:45:26+00:00,2026-07-24T23:45:26+02:00,meinRad,mz,755,Mainz,74472058,42533,Frauenlobplatz,,50.007725,8.263179,True,False,1,False,,14,0,4,4,18,13,0,0,"{""188"": 2, ""191"": 2}",4
2026-07-24T21:45:26+00:00,2026-07-24T23:45:26+02:00,meinRad,mz,755,Mainz,74472059,42534,Gartenfeldplatz,,50.005819,8.25949,True,False,1,False,,14,0,12,12,22,10,0,0,"{""188"": 7, ""191"": 3, ""225"": 1, ""348"": 1}",12
2026-07-24T21:45:26+00:00,2026-07-24T23:45:26+02:00,meinRad,mz,755,Mainz,74472060,42535,Goetheplatz,,50.011355,8.254825,True,False,1,False,,14,0,6,6,12,6,0,0,"{""188"": 2, ""191"": 3, ""295"": 1}",6
2026-07-24T21:45:26+00:00,2026-07-24T23:45:26+02:00,meinRad,mz,755,Mainz,74472061,42536,Goethestraße,,50.009147,8.252137,True,False,1,False,,19,0,25,25,18,0,0,0,"{""188"": 13, ""191"": 10, ""225"": 1, ""295"": 1}",25
2026-07-24T21:45:26+00:00,2026-07-24T23:45:26+02:00,meinRad,mz,755,Mainz,74472062,42537,Gonsbachgärten,,50.008791,8.234894,True,False,1,False,,19,0,0,0,6,6,0,0,{},0
2026-07-24T21:45:26+00:00,2026-07-24T23:45:26+02:00,meinRad,mz,755,Mainz,74472063,42538,Große Bleiche,,50.002631,8.267062,True,False,1,False,,14,0,7,7,12,5,0,0,"{""188"": 3, ""191"": 3, ""295"": 1}",7
2026-07-24T21:45:26+00:00,2026-07-24T23:45:26+02:00,meinRad,mz,755,Mainz,74472064,42539,Große Langgasse,,49.998711,8.26914,True,False,1,False,,14,0,5,5,12,6,0,0,"{""188"": 4, ""191"": 1}",5
2026-07-24T21:45:26+00:00,2026-07-24T23:45:26+02:00,meinRad,mz,755,Mainz,74472065,42540,Hafenstraße,,50.010207,8.266174,True,False,1,False,,19,0,9,9,20,11,0,0,"{""188"": 7, ""191"": 2}",9
2026-07-24T21:45:26+00:00,2026-07-24T23:45:26+02:00,meinRad,mz,755,Mainz,74472066,42541,Hauptbahnhof West,,50.000436,8.258575,True,False,1,False,,14,0,3,3,20,17,0,0,"{""188"": 2, ""191"": 1}",3
2026-07-24T21:45:26+00:00,2026-07-24T23:45:26+02:00,meinRad,mz,755,Mainz,74472067,42542,HBF / Bonifaziusstraße,,50.002329,8.259826,True,False,1,False,,14,0,2,2,36,32,0,0,"{""225"": 2}",2
2026-07-24T21:45:26+00:00,2026-07-24T23:45:26+02:00,meinRad,mz,755,Mainz,74472068,42543,HBF / Schottstraße,,50.001963,8.260375,True,False,1,False,,14,0,9,9,48,39,0,0,"{""188"": 4, ""191"": 4, ""295"": 1}",9
2026-07-24T21:45:26+00:00,2026-07-24T23:45:26+02:00,meinRad,mz,755,Mainz,74472070,42545,Hindenburgplatz,,50.006208,8.263656,True,False,1,False,,19,0,17,17,15,0,0,0,"{""188"": 7, ""191"": 10}",17
2026-07-24T21:45:26+00:00,2026-07-24T23:45:26+02:00,meinRad,mz,755,Mainz,74472072,42547,Staatstheater / Höfchen,,49.999687,8.271688,True,False,1,True,,14,0,17,17,30,13,0,0,"{""188"": 10, ""191"": 7}",17
2026-07-24T21:45:26+00:00,2026-07-24T23:45:26+02:00,meinRad,mz,755,Mainz,74472073,42548,Werner’s Backstube / Holzstraße,,49.996151,8.276497,True,False,1,False,,14,0,19,19,18,0,0,0,"{""188"": 13, ""191"": 6}",19
2026-07-24T21:45:26+00:00,2026-07-24T23:45:26+02:00,meinRad,mz,755,Mainz,74472074,42549,Jugendherberge,,49.986414,8.295064,True,False,1,True,,19,0,5,5,6,1,0,0,"{""191"": 1, ""295"": 2, ""348"": 2}",5
2026-07-24T21:45:26+00:00,2026-07-24T23:45:26+02:00,meinRad,mz,755,Mainz,74472075,42550,Juxplatz,,50.001048,8.20473,True,False,1,False,,14,0,0,0,6,6,0,0,{},0
2026-07-24T21:45:26+00:00,2026-07-24T23:45:26+02:00,meinRad,mz,755,Mainz,74472076,42551,Kaisertor,,50.009604,8.268905,True,False,1,False,,14,0,10,10,18,8,0,0,"{""188"": 6, ""191"": 3, ""295"": 1}",10
2026-07-24T21:45:26+00:00,2026-07-24T23:45:26+02:00,meinRad,mz,755,Mainz,74472077,42552,Rathausstraße,,50.007549,8.283273,True,False,1,False,,19,0,6,6,16,10,0,0,"{""188"": 3, ""191"": 1, ""295"": 1, ""348"": 1}",6
2026-07-24T21:45:26+00:00,2026-07-24T23:45:26+02:00,meinRad,mz,755,Mainz,74472079,42554,Kronberger Hof,,50.000495,8.268703,True,False,1,False,,19,0,10,10,12,2,0,0,"{""188"": 2, ""191"": 8}",10
2026-07-24T21:45:26+00:00,2026-07-24T23:45:26+02:00,meinRad,mz,755,Mainz,74472080,42555,Kurfürstliches Schloss,,50.007468,8.270419,True,False,1,False,,19,0,2,2,12,10,0,0,"{""295"": 1, ""348"": 1}",2
2026-07-24T21:45:26+00:00,2026-07-24T23:45:26+02:00,meinRad,mz,755,Mainz,74472081,42556,Kurmainz-Kaserne,,49.976283,8.269358,True,False,1,False,,19,0,1,1,8,6,0,0,"{""188"": 1}",1
2026-07-24T21:45:26+00:00,2026-07-24T23:45:26+02:00,meinRad,mz,755,Mainz,74472082,42557,Laubenheim Bahnhof,"Parkplatz, Bahnhof Laubenheim",49.960416,8.313427,True,False,1,True,,14,0,19,19,13,0,0,0,"{""188"": 4, ""191"": 1, ""225"": 1, ""295"": 7, ""348"": 6}",19
2026-07-24T21:45:26+00:00,2026-07-24T23:45:26+02:00,meinRad,mz,755,Mainz,74472083,42558,Laubenheimer Strasse,,49.9757,8.296416,True,False,1,True,,14,0,1,1,6,5,0,0,"{""188"": 1}",1
2026-07-24T21:45:26+00:00,2026-07-24T23:45:26+02:00,meinRad,mz,755,Mainz,74472084,42559,Lessingplatz,,50.007855,8.257122,True,False,1,False,,14,0,4,4,16,11,0,0,"{""188"": 3, ""225"": 1}",4
2026-07-24T21:45:26+00:00,2026-07-24T23:45:26+02:00,meinRad,mz,755,Mainz,74472085,42560,Lessingstraße,,50.006344,8.25508,True,False,1,False,,14,0,43,43,18,0,0,0,"{""188"": 23, ""191"": 18, ""295"": 2}",43
2026-07-24T21:45:26+00:00,2026-07-24T23:45:26+02:00,meinRad,mz,755,Mainz,74472086,42561,Ludwig-Nauth-Straße,,49.980523,8.23718,True,False,1,False,,19,0,1,1,12,11,0,0,"{""188"": 1}",1
2026-07-24T21:45:26+00:00,2026-07-24T23:45:26+02:00,meinRad,mz,755,Mainz,74472087,42562,Ludwigsburger Straße,,50.005905,8.239338,True,False,1,False,,14,0,0,0,12,12,0,0,{},0
2026-07-24T21:45:26+00:00,2026-07-24T23:45:26+02:00,meinRad,mz,755,Mainz,74472088,42563,Mainzer Mobilität,,50.014656,8.251292,True,False,1,True,,14,0,3,3,28,25,0,0,"{""188"": 1, ""191"": 1, ""225"": 1}",3
2026-07-24T21:45:26+00:00,2026-07-24T23:45:26+02:00,meinRad,mz,755,Mainz,74472089,42564,Mainzer Stadtwerke AG,,50.01067,8.263784,True,False,1,False,,14,0,2,2,14,12,0,0,"{""188"": 1, ""191"": 1}",2
2026-07-24T21:45:26+00:00,2026-07-24T23:45:26+02:00,meinRad,mz,755,Mainz,74472090,42565,Malakoff-Terrasse,Malakoff-Terrasse / Dagobertstraße,49.995733,8.281846,True,False,1,False,,14,0,52,52,36,0,0,0,"{""188"": 32, ""191"": 14, ""295"": 2, ""348"": 4}",52
2026-07-24T21:45:26+00:00,2026-07-24T23:45:26+02:00,meinRad,mz,755,Mainz,74472092,42567,meinRad-Werkstatt / Obere Austraße,,50.019403,8.251355,True,False,1,True,,14,0,6,6,12,4,0,0,"{""188"": 2, ""191"": 2, ""295"": 2}",6
2026-07-24T21:45:26+00:00,2026-07-24T23:45:26+02:00,meinRad,mz,755,Mainz,74472093,42568,Mombacher Tor,,50.010407,8.243872,True,False,1,False,,14,0,11,11,16,4,0,0,"{""188"": 10, ""348"": 1}",11
2026-07-24T21:45:26+00:00,2026-07-24T23:45:26+02:00,meinRad,mz,755,Mainz,74472094,42569,Mühldreieck,,49.959572,8.26807,True,False,1,False,,14,0,0,0,10,9,0,0,{},0
2026-07-24T21:45:26+00:00,2026-07-24T23:45:26+02:00,meinRad,mz,755,Mainz,74472095,42570,Münchfeld,,49.996713,8.230125,True,False,1,False,,14,0,1,1,12,9,0,0,"{""225"": 1}",1
2026-07-24T21:45:26+00:00,2026-07-24T23:45:26+02:00,meinRad,mz,755,Mainz,74472096,42571,Rheinhessen Sparkasse / Hintere Bleiche,,50.001001,8.262775,True,False,1,False,,19,0,17,17,18,1,0,0,"{""188"": 10, ""191"": 5, ""295"": 1, ""348"": 1}",17
2026-07-24T21:45:26+00:00,2026-07-24T23:45:26+02:00,meinRad,mz,755,Mainz,74472097,42572,Nahestraße / Zollhafen,,50.014088,8.258546,True,False,1,False,,14,0,6,6,18,12,0,0,"{""188"": 1, ""191"": 2, ""225"": 1, ""295"": 1, ""348"": 1}",6
2026-07-24T21:45:26+00:00,2026-07-24T23:45:26+02:00,meinRad,mz,755,Mainz,74472099,42574,Neutorstraße,,49.994167,8.279175,True,False,1,False,,19,0,2,2,10,8,0,0,"{""188"": 2}",2
2026-07-24T21:45:26+00:00,2026-07-24T23:45:26+02:00,meinRad,mz,755,Mainz,74472100,42575,Pariser Tor,,49.985814,8.266917,True,False,1,True,,19,0,0,0,8,7,0,0,{},0
2026-07-24T21:45:26+00:00,2026-07-24T23:45:26+02:00,meinRad,mz,755,Mainz,74472101,42576,Poststraße ,,49.989222,8.178581,True,False,1,False,,14,0,0,0,10,9,0,0,{},0
2026-07-24T21:45:26+00:00,2026-07-24T23:45:26+02:00,meinRad,mz,755,Mainz,74472102,42577,Proviantamt,,49.999501,8.265172,True,False,1,False,,19,0,16,16,18,2,0,0,"{""188"": 5, ""191"": 10, ""295"": 1}",16
2026-07-24T21:45:26+00:00,2026-07-24T23:45:26+02:00,meinRad,mz,755,Mainz,74472104,42579,Reduit,,50.00605,8.282393,True,False,1,False,,14,0,8,8,12,3,0,0,"{""188"": 4, ""191"": 1, ""348"": 3}",8
2026-07-24T21:45:26+00:00,2026-07-24T23:45:26+02:00,meinRad,mz,755,Mainz,74472105,42580,Römerpassage,,50.001679,8.268061,True,False,1,False,,19,0,11,11,18,7,0,0,"{""188"": 4, ""191"": 7}",11
2026-07-24T21:45:26+00:00,2026-07-24T23:45:26+02:00,meinRad,mz,755,Mainz,74472106,42581,Römerquelle,,49.995621,8.174931,True,False,1,False,,14,0,8,8,6,0,0,0,"{""188"": 1, ""191"": 1, ""295"": 2, ""348"": 4}",8
2026-07-24T21:45:26+00:00,2026-07-24T23:45:26+02:00,meinRad,mz,755,Mainz,74472107,42582,Schott AG / Nordbahnhof,,50.019397,8.24673,True,False,1,True,,14,0,6,6,18,12,0,0,"{""188"": 5, ""191"": 1}",6
2026-07-24T21:45:26+00:00,2026-07-24T23:45:26+02:00,meinRad,mz,755,Mainz,74472108,42583,Sömmerringstraße,,50.012415,8.256019,True,False,1,False,,19,0,6,6,12,6,0,0,"{""188"": 1, ""191"": 5}",6
2026-07-24T21:45:26+00:00,2026-07-24T23:45:26+02:00,meinRad,mz,755,Mainz,74472110,42585,Stadtpark,,49.993004,8.282681,True,False,1,True,,19,0,5,5,12,7,0,0,"{""188"": 3, ""225"": 1, ""295"": 1}",5
2026-07-24T21:45:26+00:00,2026-07-24T23:45:26+02:00,meinRad,mz,755,Mainz,74472111,42586,Synagoge,,50.008235,8.259133,True,False,1,False,,14,0,4,4,20,16,0,0,"{""188"": 1, ""191"": 3}",4
2026-07-24T21:45:26+00:00,2026-07-24T23:45:26+02:00,meinRad,mz,755,Mainz,74472113,42588,Turnvater-Jahn-Straße,,49.983336,8.239993,True,False,1,False,,19,0,5,5,12,7,0,0,"{""188"": 4, ""191"": 1}",5
2026-07-24T21:45:26+00:00,2026-07-24T23:45:26+02:00,meinRad,mz,755,Mainz,74472114,42589,Uni / Forum,,49.99441,8.244186,True,False,1,False,,19,0,1,1,16,14,0,0,"{""295"": 1}",1
2026-07-24T21:45:26+00:00,2026-07-24T23:45:26+02:00,meinRad,mz,755,Mainz,74472115,42590,Uni / Haupteingang,,49.996494,8.246821,True,False,1,False,,14,0,2,2,16,13,0,0,"{""191"": 2}",2
2026-07-24T21:45:26+00:00,2026-07-24T23:45:26+02:00,meinRad,mz,755,Mainz,74472116,42591,Uni / Mensa,,49.991919,8.234822,True,False,1,False,,14,0,2,2,22,18,0,0,"{""191"": 2}",2
2026-07-24T21:45:26+00:00,2026-07-24T23:45:26+02:00,meinRad,mz,755,Mainz,74472117,42592,Uni / Muschel,,49.992595,8.241162,True,False,1,False,,19,0,0,0,12,12,0,0,{},0
2026-07-24T21:45:26+00:00,2026-07-24T23:45:26+02:00,meinRad,mz,755,Mainz,74472118,42593,Universitätsmedizin Süd,,49.990317,8.256717,True,False,1,False,,19,0,0,0,8,8,0,0,{},0
2026-07-24T21:45:26+00:00,2026-07-24T23:45:26+02:00,meinRad,mz,755,Mainz,74472119,42594,Uni / Wittichweg,,49.994348,8.23713,True,False,1,False,,19,0,2,2,12,8,0,0,"{""191"": 1, ""295"": 1}",2
2026-07-24T21:45:26+00:00,2026-07-24T23:45:26+02:00,meinRad,mz,755,Mainz,74472120,42595,Volkspark,,49.985752,8.289842,True,False,1,False,,14,0,6,6,14,8,0,0,"{""295"": 3, ""348"": 3}",6
2026-07-24T21:45:26+00:00,2026-07-24T23:45:26+02:00,meinRad,mz,755,Mainz,74472121,42596,Weinlager / Zollhafen,,50.013991,8.263654,True,False,1,True,,14,0,2,2,30,28,0,0,"{""191"": 1, ""225"": 1}",2
2026-07-24T21:45:26+00:00,2026-07-24T23:45:26+02:00,meinRad,mz,755,Mainz,74472122,42597,Weinprobierstand,,49.999123,8.306297,True,False,1,True,,19,0,5,5,10,5,0,0,"{""188"": 3, ""191"": 2}",5
2026-07-24T21:45:26+00:00,2026-07-24T23:45:26+02:00,meinRad,mz,755,Mainz,74472123,42598,Wiener Platz,,50.005935,8.294045,True,False,1,False,,19,0,3,3,6,3,0,0,"{""191"": 2, ""295"": 1}",3
2026-07-24T21:45:26+00:00,2026-07-24T23:45:26+02:00,meinRad,mz,755,Mainz,74472124,42599,Wilhelm-Raabe-Straße,,50.003488,8.213176,True,False,1,False,,19,0,7,7,6,0,0,0,"{""191"": 1, ""295"": 1, ""348"": 5}",7
2026-07-24T21:45:26+00:00,2026-07-24T23:45:26+02:00,meinRad,mz,755,Mainz,74472126,42601,Zitadellenweg / Bahnhof Römisches Theater,,49.992564,8.278429,True,False,1,False,,14,0,0,0,10,10,0,0,{},0
2026-07-24T21:45:26+00:00,2026-07-24T23:45:26+02:00,meinRad,mz,755,Mainz,74473016,42602,Mühlweg,"Mühlweg - Am Wildgraben, Einmündung Mühlweg zu Am Wildgraben",49.985258,8.253869,True,False,1,False,,19,0,3,3,9,4,0,0,"{""191"": 1, ""295"": 1, ""348"": 1}",3
2026-07-24T21:45:26+00:00,2026-07-24T23:45:26+02:00,meinRad,mz,755,Mainz,74473017,42633,Friedrich-Ebert-Straße,"Friedrich-Ebert-Straße, Friedrich-Ebert-Straße - vor KITA",49.97849,8.29384,True,False,1,False,,19,0,5,5,6,1,0,0,"{""188"": 3, ""191"": 2}",5
2026-07-24T21:45:26+00:00,2026-07-24T23:45:26+02:00,meinRad,mz,755,Mainz,74473018,42603,Ricarda-Huch-Straße,"Ricarda-Huch-Straße, auf Gehweg neben Dönerladen",49.997308,8.236934,True,False,1,False,,19,0,3,3,9,6,0,0,"{""188"": 1, ""191"": 1, ""295"": 1}",3
2026-07-24T21:45:26+00:00,2026-07-24T23:45:26+02:00,meinRad,mz,755,Mainz,74473019,42634,Krongarten,"Bürgermeister Alexander Straße , neben Bushaltestelle - vor Aldi",50.00966,8.217966,True,False,1,False,,14,0,14,14,12,0,0,0,"{""225"": 1, ""295"": 8, ""348"": 5}",14
2026-07-24T21:45:26+00:00,2026-07-24T23:45:26+02:00,meinRad,mz,755,Mainz,74473020,42604,Suderstraße,"Suderstraße 23, Kreuzung Suderstraße - Turmstraße",50.017769,8.229665,True,False,1,False,,19,0,17,17,9,0,0,0,"{""188"": 8, ""191"": 9}",17
2026-07-24T21:45:26+00:00,2026-07-24T23:45:26+02:00,meinRad,mz,755,Mainz,74473021,42635,Hechtsheimer Straße,"Kreuzung Hechtstheimer Straße, Am Stiftswingert - gepflasterte Grünfläche ",49.988392,8.279353,True,False,1,False,,19,0,0,0,9,9,0,0,{},0
2026-07-24T21:45:26+00:00,2026-07-24T23:45:26+02:00,meinRad,mz,755,Mainz,74473022,42605,Südwestrundfunk / Am Fort Gonsenheim,"Am Fort Gonsenheim 149-141, 55122 Mainz - SWR Gelände",50.003952,8.247983,True,False,1,False,,19,0,1,1,6,5,0,0,"{""188"": 1}",1
2026-07-24T21:45:26+00:00,2026-07-24T23:45:26+02:00,meinRad,mz,755,Mainz,74473023,42636,Wilhelm-Quetsch-Straße / zum Gutenberg Center,Wilhelm-Quetsch-Straße - bei Haltestelle,49.97028,8.236138,True,False,1,False,,14,0,1,1,18,15,0,0,"{""348"": 1}",1
2026-07-24T21:45:26+00:00,2026-07-24T23:45:26+02:00,meinRad,mz,755,Mainz,74473024,42606,Hochheimer Straße,"Hochheimer Straße 2, 55252 Wiesbaden",50.006676,8.289219,True,False,1,False,,19,0,4,4,9,5,0,0,"{""188"": 3, ""295"": 1}",4
2026-07-24T21:45:26+00:00,2026-07-24T23:45:26+02:00,meinRad,mz,755,Mainz,74473025,42637,Gonsenheimer Straße,"Eaubonner Straße / Gonsenheimer Straße, Budenheim",50.020938,8.178058,True,False,1,False,,14,0,1,1,11,10,0,0,"{""191"": 1}",1
2026-07-24T21:45:26+00:00,2026-07-24T23:45:26+02:00,meinRad,mz,755,Mainz,74473026,42607,Rathaus Budenheim,"Kettelerstraße / Julius-Leber-Straße, Budenheim",50.02156,8.165721,True,False,1,False,,14,0,18,18,11,0,0,0,"{""188"": 8, ""191"": 8, ""348"": 2}",18
2026-07-24T21:45:26+00:00,2026-07-24T23:45:26+02:00,meinRad,mz,755,Mainz,74473027,42638,Tanzplatz,Tanzplatz,49.982897,8.302903,True,False,1,False,,19,0,11,11,7,0,0,0,"{""188"": 8, ""191"": 1, ""295"": 1, ""348"": 1}",11
2026-07-24T21:45:26+00:00,2026-07-24T23:45:26+02:00,meinRad,mz,755,Mainz,74473028,42608,Rilkeallee,"Rilkeallee; Parkplatzrand, Richtung Sportplatz",49.955142,8.19607,True,False,1,False,,19,0,1,1,9,8,0,0,"{""188"": 1}",1
2026-07-24T21:45:26+00:00,2026-07-24T23:45:26+02:00,meinRad,mz,755,Mainz,74473029,42639,Hebbelstraße / Bürgerhaus Lerchenberg,Hebbelstr vor dem Bürgerhaus,49.957169,8.189822,True,False,1,False,,14,0,1,1,13,10,0,0,"{""295"": 1}",1
2026-07-24T21:45:26+00:00,2026-07-24T23:45:26+02:00,meinRad,mz,755,Mainz,74473030,42609,Am Sonnigen Hang,Zum Knechelsberg; Haltestellenbereich,49.963144,8.232427,True,False,1,False,,14,0,4,4,8,3,0,0,"{""188"": 3, ""295"": 1}",4
2026-07-24T21:45:26+00:00,2026-07-24T23:45:26+02:00,meinRad,mz,755,Mainz,74473031,42640,Hindemithstraße,Hindemithstr. an der Straßenbahnhaltestelle,49.958444,8.19726,True,False,1,False,,14,0,1,1,7,5,0,0,"{""225"": 1}",1
2026-07-24T21:45:26+00:00,2026-07-24T23:45:26+02:00,meinRad,mz,755,Mainz,74473032,42610,Budenheim Golfplatz,"Budenheimer Parkallee, bei Bushaltestelle in der Nähe, Budenheim",50.026435,8.194549,True,False,1,False,,19,0,10,10,10,0,0,0,"{""188"": 4, ""191"": 2, ""295"": 1, ""348"": 3}",10
2026-07-24T21:45:26+00:00,2026-07-24T23:45:26+02:00,meinRad,mz,755,Mainz,74473034,42611,Eaubonner Straße ,"Eaubonner Str. 10, Budenheim",50.018705,8.170548,True,False,1,False,,14,0,1,1,10,9,0,0,"{""348"": 1}",1
2026-07-24T21:45:26+00:00,2026-07-24T23:45:26+02:00,meinRad,mz,755,Mainz,74473035,42642,Budenheimer Volksbank,"Luisenstr, Budenheim",50.022925,8.170055,True,False,1,False,,14,0,7,7,6,0,0,0,"{""188"": 2, ""191"": 5}",7
2026-07-24T21:45:26+00:00,2026-07-24T23:45:26+02:00,meinRad,mz,755,Mainz,74473036,42612,Friedrich-Ebert-Platz,"Ringstraße, Ginsheim",49.96705,8.344268,True,False,1,False,,14,0,3,3,10,7,0,0,"{""188"": 3}",3
2026-07-24T21:45:26+00:00,2026-07-24T23:45:26+02:00,meinRad,mz,755,Mainz,74473037,42643,Altrhein / Fähre,Dammstr. Ginsheim,49.963326,8.343593,True,False,1,False,,19,0,6,6,10,4,0,0,"{""188"": 4, ""191"": 1, ""295"": 1}",6
2026-07-24T21:45:26+00:00,2026-07-24T23:45:26+02:00,meinRad,mz,755,Mainz,74473038,42613,Ballou-Platz,Platz Kreuzung Anne-Frank-Str./Bouguenais-Allee Ginsheim,49.974846,8.337927,True,False,1,False,,14,0,9,9,9,0,0,0,"{""188"": 1, ""191"": 2, ""225"": 1, ""295"": 2, ""348"": 3}",9
2026-07-24T21:45:26+00:00,2026-07-24T23:45:26+02:00,meinRad,mz,755,Mainz,74473039,42644,TIGZ,Ginsheimer Str. im Gustavsburger Gewerbegebiet,49.992955,8.319763,True,False,1,False,,19,0,2,2,6,4,0,0,"{""191"": 2}",2
2026-07-24T21:45:26+00:00,2026-07-24T23:45:26+02:00,meinRad,mz,755,Mainz,74473040,42614,Friedhof Gustavsburg,Mierendorfstr. Gustavsburg,49.996472,8.334139,True,False,1,False,,19,0,6,6,8,2,0,0,"{""188"": 1, ""191"": 2, ""295"": 1, ""348"": 2}",6
2026-07-24T21:45:26+00:00,2026-07-24T23:45:26+02:00,meinRad,mz,755,Mainz,74473041,42645,Fritz-Bauer-Platz,"Beethovenstraße, Gustavsburg",49.997065,8.323349,True,False,1,False,,19,0,3,3,8,5,0,0,"{""188"": 2, ""348"": 1}",3
2026-07-24T21:45:26+00:00,2026-07-24T23:45:26+02:00,meinRad,mz,755,Mainz,74473042,42615,Gustavsburg Bahnhof,Dr. Hermann Str. Gustavsburg,49.994555,8.314148,True,False,1,False,,14,0,13,13,24,10,0,0,"{""188"": 4, ""191"": 3, ""295"": 5, ""348"": 1}",13
2026-07-24T21:45:26+00:00,2026-07-24T23:45:26+02:00,meinRad,mz,755,Mainz,74473043,42646,In der Nachtweid,Ginsheim: Ginsheimer Str./Leipziger Str. Kreuzung,49.971611,8.345444,True,False,1,False,,19,0,6,6,9,3,0,0,"{""188"": 2, ""191"": 2, ""295"": 1, ""348"": 1}",6
2026-07-24T21:45:26+00:00,2026-07-24T23:45:26+02:00,meinRad,mz,755,Mainz,74473044,42616,Adam-Opel-Straße,"Adam-Opel-Str, neben Bushaltestelle",49.988083,8.324806,True,False,1,False,,19,0,5,5,9,4,0,0,"{""188"": 4, ""191"": 1}",5
2026-07-24T21:45:26+00:00,2026-07-24T23:45:26+02:00,meinRad,mz,755,Mainz,74473045,42647,Bebelstraße / Stresemannstraße,Ecke Bebelstraße / Stresemannstraße,49.99775,8.31775,True,False,1,False,,19,0,3,3,6,3,0,0,"{""191"": 2, ""295"": 1}",3
2026-07-24T21:45:26+00:00,2026-07-24T23:45:26+02:00,meinRad,mz,755,Mainz,74473046,42617,Menzelstraße,"Rubensallee, Haltestelle Menzelstr",49.964404,8.187531,True,False,1,False,,19,0,10,10,12,2,0,0,"{""188"": 2, ""191"": 6, ""295"": 2}",10
2026-07-24T21:45:26+00:00,2026-07-24T23:45:26+02:00,meinRad,mz,755,Mainz,74473047,42648,Südring,"Südring, Haltestell - direkt neben Toilette",49.972987,8.238677,True,False,1,False,,19,0,1,1,10,9,0,0,"{""191"": 1}",1
2026-07-24T21:45:26+00:00,2026-07-24T23:45:26+02:00,meinRad,mz,755,Mainz,74473048,42618,Binger Schlag,Goßlerweg / Ecke Binger Straße,49.998082,8.256077,True,False,1,False,,19,0,2,2,19,16,0,0,"{""188"": 1, ""191"": 1}",2
2026-07-24T21:45:26+00:00,2026-07-24T23:45:26+02:00,meinRad,mz,755,Mainz,74473049,42649,LBBW / Rheinallee,"Rheinallee, Vor Rheinkontor - ÜBERGANGSSTATION",50.015821,8.254477,True,False,1,False,,14,0,12,12,15,3,0,0,"{""188"": 9, ""191"": 3}",12
2026-07-24T21:45:26+00:00,2026-07-24T23:45:26+02:00,meinRad,mz,755,Mainz,74473050,42619,Turmstraße / Waggonfabrik,Haltestelle Turmstr. Kreuzung Am Schützenweg/Turmstr.,50.014188,8.233843,True,False,1,False,,14,0,20,20,11,0,0,0,"{""188"": 14, ""191"": 6}",20
2026-07-24T21:45:26+00:00,2026-07-24T23:45:26+02:00,meinRad,mz,755,Mainz,74473051,42650,Wilhelm-Theodor-Römheld-Str.,Wilhelm-Theodor-Römheld-Str. ; rechte Seite,49.98062,8.29015,True,False,1,False,,19,0,1,1,8,6,0,0,"{""225"": 1}",1
2026-07-24T21:45:26+00:00,2026-07-24T23:45:26+02:00,meinRad,mz,755,Mainz,74473052,42620,Hauptfriedhof,Untere Zahlbacher Str. / nahe Hst. Hauptfriedhof,49.995866,8.252596,True,False,1,False,,19,0,0,0,12,12,0,0,{},0
2026-07-24T21:45:26+00:00,2026-07-24T23:45:26+02:00,meinRad,mz,755,Mainz,74473053,42651,Albert-Stohr-Straße,Sprinterpfad / Bezirkssportanlage,49.978148,8.249376,True,False,1,False,,19,0,0,0,12,12,0,0,{},0
2026-07-24T21:45:26+00:00,2026-07-24T23:45:26+02:00,meinRad,mz,755,Mainz,74473054,42621,Ortsverwaltung Mombach,Hauptstraße,50.022634,8.224686,True,False,1,False,,19,0,10,10,16,5,0,0,"{""188"": 4, ""191"": 3, ""295"": 1, ""348"": 2}",10
2026-07-24T21:45:26+00:00,2026-07-24T23:45:26+02:00,meinRad,mz,755,Mainz,74473055,42652,Schwimmbad Mombach,Obere Kreuzstraße,50.012979,8.21816,True,False,1,False,,14,0,8,8,30,21,0,0,"{""295"": 3, ""348"": 5}",8
2026-07-24T21:45:26+00:00,2026-07-24T23:45:26+02:00,meinRad,mz,755,Mainz,74473056,42622,Emrichruhstraße,De-la-Roche-Anlage / Scharnhorststraße,50.019992,8.221492,True,False,1,False,,19,0,3,3,20,17,0,0,"{""188"": 1, ""191"": 2}",3
2026-07-24T21:45:26+00:00,2026-07-24T23:45:26+02:00,meinRad,mz,755,Mainz,74473057,42653,Mombach Bahnhof,Hauptstraße / Ecke Nestlestraße,50.02159,8.228762,True,False,1,False,,14,0,31,31,20,0,0,0,"{""188"": 21, ""191"": 6, ""225"": 1, ""295"": 2, ""348"": 1}",31
2026-07-24T21:45:26+00:00,2026-07-24T23:45:26+02:00,meinRad,mz,755,Mainz,74473058,42623,Dr.-Martin-Luther-King-Weg,Haltestelle King-Park-Center / Bruchwegstation,49.999747,8.246484,True,False,1,False,,14,0,0,0,20,20,0,0,{},0
2026-07-24T21:45:26+00:00,2026-07-24T23:45:26+02:00,meinRad,mz,755,Mainz,74473059,42654,Kirsteinstraße,Kirsteinstrasse,49.990625,8.250502,True,False,1,False,,14,0,8,8,20,5,0,0,"{""188"": 4, ""295"": 2, ""348"": 2}",8
2026-07-24T21:45:26+00:00,2026-07-24T23:45:26+02:00,meinRad,mz,755,Mainz,74473060,42624,Mombach Westring,Westring,50.016568,8.217775,True,False,1,False,,19,0,0,0,8,8,0,0,{},0
2026-07-24T21:45:26+00:00,2026-07-24T23:45:26+02:00,meinRad,mz,755,Mainz,74473061,42655,Hugo-Eckener-Straße / Karlsbader Straße,Hugo-Eckener-Straße / Karlsbader Straße,50.00603,8.225536,True,False,1,False,,19,0,0,0,16,15,0,0,{},0
2026-07-24T21:45:26+00:00,2026-07-24T23:45:26+02:00,meinRad,mz,755,Mainz,74473062,42625,Max-Planck-Straße / Viermorgenweg,Max-Planck-Straße / Finther Landstraße,49.998643,8.194755,True,False,1,False,,14,0,11,11,16,3,0,0,"{""188"": 5, ""191"": 6}",11
2026-07-24T21:45:26+00:00,2026-07-24T23:45:26+02:00,meinRad,mz,755,Mainz,74473063,42656,Marc-Chagall-Straße,"Marc-Chagall-Str., nahe Eingang Spielplatz",49.972022,8.190241,True,False,1,False,,19,0,1,1,10,9,0,0,"{""295"": 1}",1
2026-07-24T21:45:26+00:00,2026-07-24T23:45:26+02:00,meinRad,mz,755,Mainz,74473064,42626,Curt-Goetz-Straße / An den Platzäckern,Curt-Goetz-Straße / An den Platzäckern,49.974945,8.196199,True,False,1,False,,14,0,1,1,11,7,0,0,"{""348"": 1}",1
2026-07-24T21:45:26+00:00,2026-07-24T23:45:26+02:00,meinRad,mz,755,Mainz,74473065,42657,Ortsverwaltung Ebersheim,OV Ebersheim,49.913372,8.244151,True,False,1,False,,14,0,4,4,8,4,0,0,"{""188"": 1, ""191"": 2, ""348"": 1}",4
2026-07-24T21:45:26+00:00,2026-07-24T23:45:26+02:00,meinRad,mz,755,Mainz,74473067,42658,Daniel-Brendel-Straße,Daniel-Brendel-Str.,49.979721,8.193356,True,False,1,False,,19,0,4,4,6,2,0,0,"{""188"": 2, ""191"": 2}",4
2026-07-24T21:45:26+00:00,2026-07-24T23:45:26+02:00,meinRad,mz,755,Mainz,74473068,42628,Töngeshof,Töngeshof am Kreisel,49.915838,8.254801,True,False,1,False,,14,0,4,4,7,3,0,0,"{""188"": 1, ""191"": 3}",4
2026-07-24T21:45:26+00:00,2026-07-24T23:45:26+02:00,meinRad,mz,755,Mainz,74473069,42659,Gutenberg Center - Eingang C,,49.968078,8.228153,True,False,1,False,,19,0,0,0,6,6,0,0,{},0
2026-07-24T21:45:26+00:00,2026-07-24T23:45:26+02:00,meinRad,mz,755,Mainz,74473070,42629,Gutenberg Center - Eingang A,,49.96694,8.230034,True,False,1,False,,19,0,0,0,6,6,0,0,{},0
2026-07-24T21:45:26+00:00,2026-07-24T23:45:26+02:00,meinRad,mz,755,Mainz,74473071,42660,Bürgerhaus Finthen,"Am Obstmarkt 24, 55126 Mainz",49.985151,8.178292,True,False,1,False,,14,0,4,4,8,4,0,0,"{""188"": 3, ""191"": 1}",4
2026-07-24T21:45:26+00:00,2026-07-24T23:45:26+02:00,meinRad,mz,755,Mainz,74473073,42630,Bürgerhaus Hechtsheim,"Am Heuergrund 8, 55129 Mainz",49.95766,8.275326,True,False,1,False,,14,0,1,1,8,7,0,0,"{""191"": 1}",1
2026-07-24T21:45:26+00:00,2026-07-24T23:45:26+02:00,meinRad,mz,755,Mainz,74473074,42661,ZDF / Sendezentrum 2,Otto-Schott-Str. vor SZ2,49.961655,8.214281,True,False,1,False,,14,0,7,7,22,15,0,0,"{""188"": 2, ""191"": 1, ""295"": 4}",7
2026-07-24T21:45:26+00:00,2026-07-24T23:45:26+02:00,meinRad,mz,755,Mainz,74473075,42631,ZDF / Sendezentrum 1,ZDF-Str. ; auf Parkplatzgelände vor Hochhaus,49.962281,8.207161,True,False,1,False,,14,0,0,0,22,21,0,0,{},0
2026-07-24T21:45:26+00:00,2026-07-24T23:45:26+02:00,meinRad,mz,755,Mainz,74473077,42632,Münsterplatz,Münsterplatz,50.000082,8.263849,True,False,1,False,,14,0,19,19,14,0,0,0,"{""188"": 6, ""191"": 11, ""225"": 1, ""295"": 1}",19
2026-07-24T21:45:26+00:00,2026-07-24T23:45:26+02:00,meinRad,mz,755,Mainz,86323060,42756,Neckarstraße Ginsheim,Nackarstr. Ginsheim,49.964278,8.351361,True,False,1,False,,19,0,5,5,6,1,0,0,"{""188"": 2, ""191"": 2, ""348"": 1}",5
2026-07-24T21:45:26+00:00,2026-07-24T23:45:26+02:00,meinRad,mz,755,Mainz,87678098,42663,Marienhaus Klinikum Mainz,,49.98862,8.26988,True,False,1,False,,19,0,0,0,12,11,0,0,{},0
2026-07-24T21:45:26+00:00,2026-07-24T23:45:26+02:00,meinRad,mz,755,Mainz,87678230,42664,Zitadelle,,49.993313,8.273351,True,False,1,False,,14,0,0,0,12,12,0,0,{},0
2026-07-24T21:45:26+00:00,2026-07-24T23:45:26+02:00,meinRad,mz,755,Mainz,99038375,42758,Reisinger Weg / Universitätsmedizin,,49.993889,8.25551,True,False,1,True,,19,0,0,0,10,8,0,0,{},0
2026-07-24T21:45:26+00:00,2026-07-24T23:45:26+02:00,meinRad,mz,755,Mainz,99038856,42759,Helmholtzweg / Universitätsmedizin,,49.992017,8.259295,True,False,1,True,,14,0,0,0,10,10,0,0,{},0
2026-07-24T21:45:26+00:00,2026-07-24T23:45:26+02:00,meinRad,mz,755,Mainz,99039004,42761,Sirius GutenbergPark,,49.95663,8.255294,True,False,1,False,,14,0,3,3,6,1,0,0,"{""188"": 1, ""295"": 2}",3
2026-07-24T21:45:26+00:00,2026-07-24T23:45:26+02:00,meinRad,mz,755,Mainz,99040633,42760,Universitätsmedizin Haupteingang,,49.993256,8.259366,True,False,1,False,,14,0,1,1,10,9,0,0,"{""348"": 1}",1
2026-07-24T21:45:26+00:00,2026-07-24T23:45:26+02:00,meinRad,mz,755,Mainz,107182231,42762,MEWA ARENA,"Eugen-Salomon-Straße 1, 55128 Mainz",49.98609,8.22517,True,False,1,True,,19,0,1,1,30,29,0,0,"{""348"": 1}",1
2026-07-24T21:45:26+00:00,2026-07-24T23:45:26+02:00,meinRad,mz,755,Mainz,165353979,42764,Fischtorplatz,,49.999894,8.276467,True,False,1,True,,19,0,12,12,7,0,0,0,"{""188"": 8, ""191"": 3, ""348"": 1}",12
2026-07-24T21:45:26+00:00,2026-07-24T23:45:26+02:00,meinRad,mz,755,Mainz,165354102,42765,Am Römerlager,,49.993901,8.260476,True,False,1,True,,19,0,1,1,6,5,0,0,"{""225"": 1}",1
2026-07-24T21:45:26+00:00,2026-07-24T23:45:26+02:00,meinRad,mz,755,Mainz,165354509,42767,Auenstraße / Ingelheimer Aue,,50.024902,8.238479,True,False,1,True,,19,0,0,0,8,8,0,0,{},0
2026-07-24T21:45:26+00:00,2026-07-24T23:45:26+02:00,meinRad,mz,755,Mainz,165355001,42770,Isaac-Fulda-Alle,,49.994022,8.222331,True,False,1,True,,14,0,4,4,8,2,0,0,"{""188"": 2, ""295"": 2}",4
2026-07-24T21:45:26+00:00,2026-07-24T23:45:26+02:00,meinRad,mz,755,Mainz,165355230,42771,Jakob-Heinz-Str. / Campusbrücke,,49.989806,8.226917,True,False,1,False,,14,0,5,5,6,1,0,0,"{""188"": 2, ""191"": 2, ""225"": 1}",5
2026-07-24T21:45:26+00:00,2026-07-24T23:45:26+02:00,meinRad,mz,755,Mainz,209228533,42772,Ernst-Reuter-Straße,,49.962726,8.318887,True,False,1,True,,19,0,18,18,5,0,0,0,"{""188"": 3, ""191"": 5, ""295"": 6, ""348"": 4}",18
2026-07-24T21:45:26+00:00,2026-07-24T23:45:26+02:00,meinRad,mz,755,Mainz,209609180,42768,An der Goldgrube,,49.987738,8.271972,True,False,1,False,,14,0,0,0,28,27,0,0,{},0
2026-07-24T21:45:26+00:00,2026-07-24T23:45:26+02:00,meinRad,mz,755,Mainz,209609612,42769,Elly-Beinhorn-Straße,,49.978053,8.276287,True,False,1,False,,14,0,0,0,28,27,0,0,{},0
2026-07-24T21:45:26+00:00,2026-07-24T23:45:26+02:00,meinRad,mz,755,Mainz,223607831,42778,Haltestelle Georg-Mangold-Schule,,49.983794,8.359507,True,False,1,True,,19,0,6,6,6,0,0,0,"{""188"": 2, ""191"": 4}",6
2026-07-24T21:45:26+00:00,2026-07-24T23:45:26+02:00,meinRad,mz,755,Mainz,223608340,42776,Bischofsheim Bahnhof (Bahnhofsplatz & An der Bahn),,49.992449,8.357958,True,False,1,True,,14,0,8,8,14,6,0,0,"{""188"": 4, ""191"": 1, ""295"": 1, ""348"": 2}",8
2026-07-24T21:45:26+00:00,2026-07-24T23:45:26+02:00,meinRad,mz,755,Mainz,223610983,42783,Römerstraße / Klinkerteich,,49.987943,8.350091,True,False,1,True,,19,0,6,6,6,0,0,0,"{""188"": 4, ""348"": 2}",6
2026-07-24T21:45:26+00:00,2026-07-24T23:45:26+02:00,meinRad,mz,755,Mainz,223612523,42779,Haltestelle Rheinstraße,,49.98823,8.35561,True,False,1,True,,14,0,8,8,8,0,0,0,"{""188"": 2, ""191"": 5, ""348"": 1}",8
2026-07-24T21:45:26+00:00,2026-07-24T23:45:26+02:00,meinRad,mz,755,Mainz,223615658,42780,Haltestelle Am Mainweg,,49.99128,8.35152,True,False,1,True,,19,0,3,3,6,3,0,0,"{""188"": 3}",3
2026-07-24T21:45:26+00:00,2026-07-24T23:45:26+02:00,meinRad,mz,755,Mainz,223616276,42781,Haltestelle An den Sportstätten,,49.97726,8.3472,True,False,1,True,,19,0,5,5,8,2,0,0,"{""188"": 3, ""191"": 2}",5
2026-07-24T21:45:26+00:00,2026-07-24T23:45:26+02:00,meinRad,mz,755,Mainz,223616641,42782,Böcklersiedlung / Ulmenstraße,,49.99447,8.36118,True,False,1,True,free,19,0,10,10,8,0,0,0,"{""188"": 9, ""295"": 1}",10
2026-07-24T21:45:26+00:00,2026-07-24T23:45:26+02:00,meinRad,mz,755,Mainz,223622524,42784,Bürgerhaus Bischofsheim,,49.984768,8.362685,True,False,1,True,,19,0,4,4,6,2,0,0,"{""188"": 2, ""191"": 1, ""348"": 1}",4
2026-07-24T21:45:26+00:00,2026-07-24T23:45:26+02:00,meinRad,mz,755,Mainz,224375031,42786,Bahnhof Kastel - DB Mobility Hub ,Neben Haupteingang Bahnhof Mainz-kastel,50.007108,8.28278,True,False,1,False,,14,0,4,4,7,3,0,0,"{""191"": 1, ""295"": 2, ""348"": 1}",4
2026-07-24T21:45:26+00:00,2026-07-24T23:45:26+02:00,meinRad,mz,755,Mainz,287734136,42777,Kunsthalle / Zollhafen,,50.012152,8.261673,True,False,1,False,,19,0,8,8,12,4,0,0,"{""188"": 6, ""191"": 2}",8
2026-07-24T21:45:26+00:00,2026-07-24T23:45:26+02:00,meinRad,mz,755,Mainz,318706527,42788,HBF / DB Mobility Hub,,50.000732,8.259949,True,False,1,False,,14,0,4,4,7,3,0,0,"{""188"": 4}",4
2026-07-24T21:45:26+00:00,2026-07-24T23:45:26+02:00,meinRad,mz,755,Mainz,444344630,42811,Am Mombacher Kreisel ,,50.025973,8.220928,True,False,1,True,,14,0,6,6,8,2,0,0,"{""188"": 3, ""191"": 2, ""295"": 1}",6
2026-07-24T21:45:26+00:00,2026-07-24T23:45:26+02:00,meinRad,mz,755,Mainz,452538987,42814,Kantstraße,"Kantstraße 4, 55122 Mainz",49.995466,8.238678,True,False,1,False,,19,0,4,4,10,6,0,0,"{""191"": 2, ""295"": 2}",4
2026-07-24T21:45:26+00:00,2026-07-24T23:45:26+02:00,meinRad,mz,755,Mainz,501451793,42816,Zwerchallee,Zwerchallee/Hattenbergstraße,50.016509,8.239789,True,False,1,False,,19,0,15,15,8,0,0,0,"{""188"": 8, ""191"": 7}",15
2026-07-24T21:45:26+00:00,2026-07-24T23:45:26+02:00,meinRad,mz,755,Mainz,502213702,42817,Bahnhof Gonsenheim ,"Raiffeisenstraße 23, 55124 Mainz ",49.998857,8.214394,True,False,1,False,,19,0,6,6,6,0,0,0,"{""188"": 4, ""191"": 1, ""348"": 1}",6
2026-07-24T21:45:26+00:00,2026-07-24T23:45:26+02:00,meinRad,mz,755,Mainz,502214165,42818,An der Nonnenwiese,"An der Nonnenwiese/Mainzer Str., 55124 Mainz ",50.000895,8.224114,True,False,1,False,,19,0,2,2,6,2,0,0,"{""191"": 2}",2
2026-07-24T21:45:26+00:00,2026-07-24T23:45:26+02:00,meinRad,mz,755,Mainz,502215205,42819,Katzenberg/Nelkenweg,"Katzenberg/Nelkenweg, 55126 Mainz ",49.987307,8.183033,True,False,1,False,,19,0,0,0,6,6,0,0,{},0
2026-07-24T21:45:26+00:00,2026-07-24T23:45:26+02:00,meinRad,mz,755,Mainz,530063837,42820,Wohnbau Mainz - Am Karoline-Stern-Platz,,50.013731,8.254461,True,False,1,True,,14,0,5,5,6,1,0,0,"{""188"": 2, ""191"": 1, ""225"": 1, ""348"": 1}",5
2026-07-24T21:45:26+00:00,2026-07-24T23:45:26+02:00,meinRad,mz,755,Mainz,530064703,42821,Wohnbau Mainz - Am Hartenbergpark,,50.00858,8.240384,True,False,1,True,,14,0,3,3,9,6,0,0,"{""225"": 2, ""348"": 1}",3
2026-07-24T21:45:26+00:00,2026-07-24T23:45:26+02:00,meinRad,mz,755,Mainz,546567710,42824,Kettelerstaße / Friedhof Finthen ,Kettelerstraße,49.987845,8.167671,True,False,1,False,,14,0,2,2,6,3,0,0,"{""191"": 1, ""348"": 1}",2
2026-07-24T21:45:26+00:00,2026-07-24T23:45:26+02:00,meinRad,mz,755,Mainz,546568652,42825,Heiligkreuz-Viertel - Quartierspark Nord ,,49.981075,8.282168,True,False,1,False,,14,0,5,5,20,11,0,0,"{""188"": 1, ""191"": 1, ""225"": 1, ""295"": 2}",5
2026-07-24T21:45:26+00:00,2026-07-24T23:45:26+02:00,meinRad,mz,755,Mainz,550435886,42826,Uni / Hahn-Meitner-Weg,Hahn-Meitner-Weg / Duesbergweg,49.99075,8.231329,True,False,1,False,,14,0,5,5,8,3,0,0,"{""188"": 2, ""191"": 3}",5
2026-07-24T21:45:26+00:00,2026-07-24T23:45:26+02:00,meinRad,mz,755,Mainz,550436626,42827,Uni / Dahlheimer-Weg,Dahlheimer-Weg / Staudingerweg,49.988825,8.236248,True,False,1,False,,14,0,7,7,10,2,0,0,"{""188"": 4, ""191"": 3}",7
2026-07-24T21:45:26+00:00,2026-07-24T23:45:26+02:00,meinRad,mz,755,Mainz,582273921,42829,Bettelpfad / Im Leimen ,,49.981533,8.293567,True,False,1,False,,19,0,3,3,6,3,0,0,"{""188"": 3}",3
2026-07-24T21:45:26+00:00,2026-07-24T23:45:26+02:00,meinRad,mz,755,Mainz,608674277,42830,MVG Mitarbeitendenparkplatz 1,,50.018451,8.250353,True,False,1,False,,14,0,15,15,10,0,0,0,"{""188"": 4, ""191"": 9, ""348"": 2}",15
2026-07-24T21:45:26+00:00,2026-07-24T23:45:26+02:00,meinRad,mz,755,Mainz,608674521,42831,MVG Mitarbeitendenparkplatz 2,,50.01813,8.2522,True,False,1,False,,14,0,3,3,10,7,0,0,"{""188"": 2, ""348"": 1}",3
2026-07-24T21:45:26+00:00,2026-07-24T23:45:26+02:00,meinRad,mz,755,Mainz,621827424,42832,Wohnbau Mainz - King-Park-Center,Fritz-Bockius-Straße,50.000199,8.247735,True,False,1,True,,14,0,1,1,13,12,0,0,"{""225"": 1}",1
2026-07-24T21:45:26+00:00,2026-07-24T23:45:26+02:00,meinRad,mz,755,Mainz,632299601,0,BIKE 556215,,49.983088,8.357494,False,True,0,False,,20,0,1,1,0,0,0,0,"{""348"": 1}",1
2026-07-24T21:45:26+00:00,2026-07-24T23:45:26+02:00,meinRad,mz,755,Mainz,632951376,0,BIKE 556062,,50.036329,8.236724,False,True,1,False,,20,0,1,1,0,0,0,0,"{""295"": 1}",1
2026-07-24T21:45:26+00:00,2026-07-24T23:45:26+02:00,meinRad,mz,755,Mainz,633085351,42834,Wohnbau Mainz - Layenhof,Layenhof,49.97555,8.14686,True,False,1,True,,14,0,5,5,10,5,0,0,"{""188"": 3, ""191"": 2}",5
2026-07-24T21:45:26+00:00,2026-07-24T23:45:26+02:00,meinRad,mz,755,Mainz,633092115,42835,Wohnbau Mainz - Fichteplatz,Fichteplatz,49.991689,8.265218,True,False,1,True,,14,0,1,1,7,6,0,0,"{""225"": 1}",1
2026-07-24T21:45:26+00:00,2026-07-24T23:45:26+02:00,meinRad,mz,755,Mainz,633106179,0,BIKE 555658,,49.99484,8.318638,False,True,1,False,,12,0,1,1,0,0,0,0,"{""188"": 1}",1
2026-07-24T21:45:26+00:00,2026-07-24T23:45:26+02:00,meinRad,mz,755,Mainz,633129077,0,BIKE 555537,,50.00988,8.256073,False,True,1,False,,12,0,1,1,0,0,0,0,"{""188"": 1}",1
2026-07-24T21:45:26+00:00,2026-07-24T23:45:26+02:00,meinRad,mz,755,Mainz,633152220,0,BIKE 556105,,50.002644,8.296215,False,True,1,False,,20,0,1,1,0,0,0,0,"{""295"": 1}",1
2026-07-24T21:45:26+00:00,2026-07-24T23:45:26+02:00,meinRad,mz,755,Mainz,633177216,0,BIKE 555515,,50.002231,8.265387,False,True,1,False,,12,0,1,1,0,0,0,0,"{""188"": 1}",1
2026-07-24T21:45:26+00:00,2026-07-24T23:45:26+02:00,meinRad,mz,755,Mainz,633207614,0,BIKE 555591,,49.999618,8.277072,False,True,1,False,,12,0,1,1,0,0,0,0,"{""188"": 1}",1
2026-07-24T21:45:26+00:00,2026-07-24T23:45:26+02:00,meinRad,mz,755,Mainz,633213046,0,BIKE 555894,,49.998391,8.338904,False,True,1,False,,12,0,1,1,0,0,0,0,"{""188"": 1}",1
2026-07-24T21:45:26+00:00,2026-07-24T23:45:26+02:00,meinRad,mz,755,Mainz,633218140,0,BIKE 557183,,50.04116,8.244663,False,True,1,False,,12,0,1,1,0,0,0,0,"{""191"": 1}",1
2026-07-24T21:45:26+00:00,2026-07-24T23:45:26+02:00,meinRad,mz,755,Mainz,633230190,0,BIKE 557166,,50.009973,8.259594,False,True,1,False,,12,0,1,1,0,0,0,0,"{""191"": 1}",1
2026-07-24T21:45:26+00:00,2026-07-24T23:45:26+02:00,meinRad,mz,755,Mainz,633240937,0,BIKE 556335,,49.991128,8.300185,False,True,1,False,,12,0,1,1,0,0,0,0,"{""348"": 1}",1
2026-07-24T21:45:26+00:00,2026-07-24T23:45:26+02:00,meinRad,mz,755,Mainz,633247847,0,BIKE 557038,,49.999649,8.277681,False,True,1,False,,12,0,1,1,0,0,0,0,"{""191"": 1}",1
2026-07-24T21:45:26+00:00,2026-07-24T23:45:26+02:00,meinRad,mz,755,Mainz,633249765,0,BIKE 558169,,49.999684,8.277155,False,True,1,False,,12,0,1,1,0,0,0,0,"{""188"": 1}",1
2026-07-24T21:45:26+00:00,2026-07-24T23:45:26+02:00,meinRad,mz,755,Mainz,633256146,0,BIKE 555967,,49.999733,8.277037,False,True,1,False,,12,0,1,1,0,0,0,0,"{""188"": 1}",1
2026-07-24T21:45:26+00:00,2026-07-24T23:45:26+02:00,meinRad,mz,755,Mainz,633261592,0,BIKE 556166,,50.019173,8.25443,False,True,1,False,,20,0,1,1,0,0,0,0,"{""295"": 1}",1
2026-07-24T21:45:26+00:00,2026-07-24T23:45:26+02:00,meinRad,mz,755,Mainz,633269885,0,BIKE 555808,,49.999747,8.276942,False,True,1,False,,12,0,1,1,0,0,0,0,"{""188"": 1}",1
2026-07-24T21:45:26+00:00,2026-07-24T23:45:26+02:00,meinRad,mz,755,Mainz,633271416,0,BIKE 557324,,49.999684,8.277363,False,True,1,False,,12,0,1,1,0,0,0,0,"{""191"": 1}",1
2026-07-24T21:45:26+00:00,2026-07-24T23:45:26+02:00,meinRad,mz,755,Mainz,633272107,0,BIKE 557027,,50.003289,8.254996,False,True,1,False,,12,0,1,1,0,0,0,0,"{""191"": 1}",1
2026-07-24T21:45:26+00:00,2026-07-24T23:45:26+02:00,meinRad,mz,755,Mainz,633273013,0,BIKE 555678,,50.000969,8.263842,False,True,1,False,,12,0,1,1,0,0,0,0,"{""188"": 1}",1
2026-07-24T21:45:26+00:00,2026-07-24T23:45:26+02:00,meinRad,mz,755,Mainz,633273888,0,BIKE 558023,,49.99856,8.338975,False,True,1,False,,12,0,1,1,0,0,0,0,"{""188"": 1}",1
2026-07-24T21:45:26+00:00,2026-07-24T23:45:26+02:00,meinRad,mz,755,Mainz,633274084,0,BIKE 558171,,49.991124,8.300212,False,True,1,False,,12,0,1,1,0,0,0,0,"{""188"": 1}",1
2026-07-24T21:45:26+00:00,2026-07-24T23:45:26+02:00,meinRad,mz,755,Mainz,633278448,0,BIKE 557065,,49.998867,8.271648,False,True,1,False,,12,0,1,1,0,0,0,0,"{""191"": 1}",1
2026-07-24T21:45:26+00:00,2026-07-24T23:45:26+02:00,meinRad,mz,755,Mainz,633278542,0,BIKE 555607,,49.999178,8.271596,False,True,1,False,,12,0,1,1,0,0,0,0,"{""188"": 1}",1
